2703	3528	4300	644	2714	3532	1373	2016	2719	3438	2013	3469	3451	3471	3454	3444	3458	3478
645	3529	4301	3533	4302	3439	4893	2720	2014	3440	1374	2017	4303	3472	3455	3445	3459
2980	2981	223	3879	224	2983	947	948	949	1625	2289	4503	2314
540	1273	3332	4195	536	533	1266	1917	4187	4799	528	3327	530
534	1267	3333	3328	3329	4188	4800	1919	1918	4196	531	1274	541
647	3531	4305	4895	2722	1376	3441	3535	2019	3474	3457	3447	3482
2133	2150	3711	65	761	2860	2857	4366	1456	1455	3708	3709
3679	39	2822	739	1434	2829	3684	3680	2827	3682	2823	2825
2921	2929	153	2243	3801	866	3814	4449	867	1557	2933	3822
4137	485	1202	1208	1876	2553	3284	4756	1203	3282	4752	4753
2702	4299	643	1371	1372	2015	2718	3527	3468	3470	3453	3443
646	3530	4304	4894	2721	1375	3534	2018	3473	3456	3446	3460
2103	19	20	21	23	3662	2805	722	1418	2089	2138
2132	2148	3710	64	760	1454	2850	3706	4365	2855	2854
2155	2856	3707	74	71	769	1464	2868	3719	3717	4374
2182	2197	2198	101	797	1491	2896	3746	4401	796	2201
127	3778	2217	840	4425	841	842	843	1533	4426	2218
2930	2252	2932	883	1572	880	1568	3833	177	884	4465
2950	2270	2963	2951	2956	200	923	1608	3858	4483	910
2259	3840	1579	184	891	3842	4472	3841	1580	1581	2279
216	2978	221	2974	945	1623	2287	3877	4501	218	940
2325	3909	4532	255	260	977	976	1653	3014	3025	3021
3049	3060	3933	284	1001	1677	2351	3066	4555	3063	998
3270	482	3280	483	2551	1201	1875	3281	4750	4751	4754
2577	4162	4781	510	1234	1901	3308	4163	2578	4164	2579
2581	515	2588	1239	1904	2590	3316	4176	4786	3309	4165
3330	4801	538	1268	4189	4192	1269	4190	532	1270	4191
3502	3503	1357	1356	623	1998	2696	3423	4280	4883	3505
2704	4281	3424	1358	624	1999	3504	4884	2697	3519	3518
625	2705	4283	3425	2000	3507	4886	2698	4282	4885	3448
2700	3427	3509	1359	2002	627	2707	4285	639	640	4888
2114	2098	2149	3671	32	732	1427	2815	3672	731
2126	2154	2144	2840	2844	58	754	1448	3700	4359
2190	109	114	111	806	1499	3755	3777	4409	805
2915	2916	3796	2238	148	2924	861	4444	1552	3809
2949	2269	2962	199	922	1607	3857	4482	2955	204
3818	157	4453	169	871	1560	167	3826	159	4455
2960	2273	2959	205	3861	203	926	1611	4486	3863
2283	214	2972	3872	942	936	1620	4497	4496	941
2297	3885	230	2989	2990	954	1631	4509	233	2991
2331	3913	3915	3018	264	981	1657	4536	1658	3029
2332	3914	3019	3916	3030	265	982	1659	4537	4540
3050	3934	3061	286	285	1002	1678	2352	4556	1679
475	2544	3263	3273	4128	4743	1191	1867	3262	4742
2652	588	589	1319	1963	4243	4849	3385	3381	2658
4248	2657	3390	3393	594	1324	1968	2663	4854	4251
3508	2001	626	2706	4284	3426	4887	2699	638	3506
2717	4298	642	2713	3526	1370	3467	3452	3442	3477
4295	648	2715	1377	2020	2723	3536	4306	4896	3479
661	3549	4319	1390	2033	2742	4326	4325	4910	3568
4327	3550	662	1391	2034	2743	4320	4911	3569	2737
3553	2740	4330	665	1394	2037	2746	4323	4914	3572
3554	4331	2038	1395	666	2747	4324	4915	3573	2741
4329	3552	664	1393	2036	2745	4322	4913	3571	2739
663	1392	2035	2744	3551	3570	4321	4328	4912	2738
2120	50	746	2837	3692	748	1442	3694	4353
2792	5	709	2790	3647	3649	2072	6	2074
2124	2142	2842	54	752	1446	3698	4357	56
2130	2848	62	758	1452	3704	4363	2852	2851
2134	2858	3712	66	762	4367	1460	2861	1457
2135	67	763	1458	2859	2862	3713	4368	1461
2151	1459	68	3714	764	2863	3715	4369	1462
2156	3718	75	770	1465	2869	3720	4375	2866
2181	2196	100	795	1490	2895	3745	4400	2200
2183	2199	4402	102	798	1492	2897	3747	2202
2185	3749	104	800	1494	3750	4404	2899	2887
2904	2251	2931	176	882	1571	3832	4464	879
2909	2231	3791	142	2922	856	1546	3803	4439
2910	2232	3792	143	2923	857	1547	3804	4440
2911	2233	3793	144	2247	858	1548	3805	4441
2234	2912	3794	145	2248	859	1549	3806	4442
2913	2235	2914	3795	146	860	1550	3807	4443
2943	2945	2261	186	893	1583	3844	4474	899
2920	2928	3800	2242	152	865	3813	4448	1556
2253	881	1569	2935	3834	1573	178	885	4466
2254	2934	1570	2936	3835	1574	179	886	4467
3819	158	4454	170	872	1561	3827	4456	160
2274	4487	206	927	1612	2964	3864	4488	928
2298	3886	231	232	955	1632	2992	4510	234
2302	2316	236	3888	4512	957	1634	2994	3890
2303	2317	237	2995	958	1635	3889	3891	4513
222	3878	217	2982	2979	946	1624	2288	4502
2977	944	220	2975	1622	2286	3876	4500	939
3880	225	2984	2292	2290	1626	2291	4504	2315
2327	259	4534	257	262	979	1655	3016	3911
2335	2345	268	985	1662	3033	3042	3919	4541
2337	3921	270	987	1665	4543	3035	271	272
2338	3922	273	988	1666	3046	4544	3036	997
3931	3047	282	999	1675	2349	4553	3052	3064
3048	3059	3932	283	1000	1676	2350	3065	4554
3938	3941	3071	289	2358	1008	1685	3945	4560
3289	1204	489	1207	1213	1881	2558	4142	4761
3290	1205	490	4143	2559	491	1214	1882	4762
2570	1225	503	1226	1894	3301	4155	4774	1227
514	4785	2587	1238	1903	2589	2580	3315	4175
526	1264	1915	1913	2599	3325	4185	4795	4797
3326	527	535	529	1265	1916	4186	4798	2600
3375	2644	3378	582	4238	1316	1960	4843	3382
2646	3377	3380	584	3384	4240	1318	1962	4845
3373	2642	2641	2639	580	4236	1314	1958	4841
3376	2645	3379	583	4239	1317	1961	4844	3383
4245	2654	3387	591	1321	1965	2660	4851	3394
2653	590	1320	1964	2659	4241	4244	4850	3386
4247	2656	3389	593	3392	1323	1967	2662	4853
3391	3396	596	1326	1970	2665	4250	4856	4252
3408	608	1339	1983	2680	3485	4265	4868	3489
3409	609	1340	1984	2681	3486	4266	4869	2677
3492	613	1344	1988	2685	3413	4270	4873	2686
3500	1354	621	1352	1996	2694	3421	4278	4881
3501	1355	622	1353	1997	2695	3422	4279	4882
3429	3511	1361	2004	629	4287	2709	2710	4890
3522	3516	3434	4292	1366	2009	3462	3461	634
2701	3428	3510	1360	2003	628	2708	4286	4889
3523	3520	3524	635	3435	4293	1367	2010	3463
4307	2716	649	1378	2021	2724	4897	3537	3480
3578	3566	3559	4336	2043	1400	671	2752	3583
11	2079	714	2800	3654	2080	1410	2081
2123	2141	2841	53	751	1445	3697	4356
2125	2843	55	753	1447	3699	4358	57
2127	2145	2845	59	755	1449	3701	4360
2117	45	2834	744	1439	3690	47	3689
22	2806	2090	24	723	1419	3663	2139
2128	2146	2846	60	756	1450	3702	4361
2129	2147	2847	61	757	1451	3703	4362
2131	2849	3705	63	759	1453	4364	2853
2096	3669	30	729	1425	2111	2813	2812
2091	2807	25	724	1420	2140	3664	2106
2094	3667	28	727	1423	2109	2810	2143
2157	2867	76	771	1466	2870	3721	4376
2178	2193	97	792	1487	2892	3742	4397
2179	2194	98	793	1488	2893	3743	4398
2180	2195	99	794	1489	2894	3744	4399
2187	2905	2901	106	802	1496	3752	4406
2188	2906	2902	107	803	1497	3753	4407
2189	2907	2903	108	804	1498	3754	4408
2191	110	115	112	807	1500	3756	4410
2908	141	2230	3790	855	1545	3802	4438
2938	2255	2937	3836	1575	180	887	4468
2917	2925	3797	2239	149	862	4445	1553
2918	2926	3798	2240	150	863	4446	1554
2919	2927	3799	2241	151	864	4447	1555
2944	2946	2262	187	894	1584	3845	4475
2948	2267	197	2953	920	1605	3855	4480
2250	174	4463	3831	876	1565	4460	164
2958	2272	202	3860	925	1610	4485	3862
3830	163	173	875	1564	4459	4462	2249
2295	898	3883	2987	228	952	1629	4507
2268	2961	198	2954	921	1606	3856	4481
2277	2300	209	931	1615	2967	3867	4491
2278	2301	210	932	1616	2968	3868	4492
2282	213	935	1619	2971	3871	4495	943
2304	3892	2996	238	959	1636	4515	4514
2308	3896	242	963	1640	3000	4519	3002
2311	3898	4522	245	966	1643	3004	3899
2318	2329	4525	248	969	1646	3007	3902
2326	4533	256	261	978	1654	3015	3910
2330	3912	263	980	1656	4535	3027	3028
2333	3020	266	983	1660	3031	3917	4538
2334	2344	267	984	1661	3032	3918	4539
2340	275	990	1668	3924	4546	3038	3022
2343	3927	3041	278	993	1671	3051	4549
3929	3044	1664	280	995	1673	2347	4551
2355	3068	3937	2354	288	1005	1682	4559
2359	290	1009	1686	3072	3942	3946	4561
2360	291	1010	1687	2361	3073	3947	4562
457	1176	1852	2526	3245	3247	4112	4727
4728	458	1177	1853	2527	3246	3248	4113
467	468	1184	1860	2536	3255	4121	4735
2537	4122	469	1185	1861	2538	3256	4736
4126	473	1189	1865	2542	3271	3260	4740
4127	474	1190	1866	2543	3272	3261	4741
4131	478	3276	2547	3266	4746	1195	1194
4141	3288	488	1206	1212	1880	2557	4760
4149	497	1220	1888	2565	3296	4150	4768
2571	4156	4775	504	1228	1895	3302	4157
2576	4161	4780	509	1233	1900	3307	4167
2584	4168	4782	511	1235	3312	4172	4170
517	519	1241	1906	2592	3318	4178	4788
518	520	1242	1907	2593	3319	4179	4789
523	1261	1910	2596	3322	4182	4792	1245
524	1262	1911	2597	3323	4183	4793	1246
525	1263	1912	2598	3324	4184	4794	1247
2602	1276	3335	4803	4198	543	1921	3336
542	537	1275	1920	2601	3334	4197	4802
2603	3337	1277	4804	544	1922	4199	4805
1279	546	1280	1924	2605	3339	4201	4807
575	1309	1953	2634	3368	4231	4230	4836
2640	2638	3372	579	4235	1313	1957	4840
3374	2643	581	4237	1315	1959	4842	2651
4246	2655	3388	592	1322	1966	2661	4852
3401	601	1331	1975	2671	4257	4861	2666
3407	607	1338	1982	2679	4264	4867	3488
3410	610	1341	1985	2682	3487	4267	4870
3411	3490	611	1342	1986	2683	4268	4871
3412	3491	612	1343	1987	2684	4269	4872
3493	614	1345	1989	2687	3414	4271	4874
3494	615	1346	1990	2688	3415	4272	4875
3495	616	1347	1991	2689	3416	4273	4876
3496	617	1348	1992	2690	3417	4274	4877
3497	618	1349	1993	2691	3418	4275	4878
3498	619	1350	1994	2692	3419	4276	4879
3499	620	1351	1995	2693	3420	4277	4880
3430	3512	2711	1362	2005	630	4288	4891
4296	3525	3437	637	1369	2012	3465	3450
3436	636	4294	1368	2011	3464	3449	3517
3475	650	1379	2022	2725	4308	4898	3538
651	1380	2023	2726	3476	4309	4899	3539
660	4908	1389	2032	2735	3548	4318	4909
3565	3558	4335	2042	1399	670	2751	3577
2063	2782	2116	2791	3648	701	2073
2121	2838	51	749	1443	3695	4354
2122	2839	52	750	1444	3696	4355
15	2796	718	1414	2085	2801	3658
18	3661	2804	721	1417	2088	2137
2061	2115	3688	2833	44	743	1438
2118	46	2835	745	1440	3691	48
2095	3668	29	728	1424	2110	2811
17	2803	720	1416	2087	3660	2136
2097	3670	31	730	1426	2112	2814
2152	2864	1463	4373	72	73	768
2092	2808	26	725	1421	3665	2107
2093	2809	3666	27	726	1422	2108
2158	77	772	1467	2871	3722	4377
2159	78	773	1468	2872	3723	4378
2113	42	741	1436	2824	2831	3686
2160	79	774	1469	2873	3724	4379
2161	80	775	1470	2874	3725	4380
2162	81	776	1471	2875	3726	4381
2163	82	777	1472	2876	3727	4382
2164	83	778	1473	2877	3728	4383
2165	84	779	1474	2878	3729	4384
2166	85	780	1475	2879	3730	4385
2167	86	781	1476	2880	3731	4386
2170	89	784	1479	2883	3734	4389
2168	87	782	1477	2881	3732	4387
2171	90	785	1480	2884	3735	4390
2169	88	783	1478	2882	3733	4388
2172	91	786	1481	2885	3736	4391
2173	92	787	1482	2886	3737	4392
2174	93	788	1483	2888	3738	4393
2175	94	789	1484	2889	3739	4394
2176	95	790	1485	2890	3740	4395
2177	96	791	1486	2891	3741	4396
2184	103	799	1493	3748	4403	2898
2186	2900	105	801	1495	3751	4405
2192	3757	808	1501	116	113	4411
2203	3758	809	1502	117	3759	4412
2205	811	1504	119	3761	4414	1524
126	2210	3766	4419	3765	816	1509
139	137	853	1543	2228	3788	4436
140	138	3789	2229	854	1544	4437
132	2236	848	1538	2223	3783	4431
2939	2256	3837	1576	181	888	4469
2213	3770	3769	123	839	1532	4422
2940	2257	3838	1577	182	889	4470
2941	2258	3839	1578	183	890	4471
2942	2260	185	892	1582	3843	4473
155	2245	3811	3816	868	4451	3821
2947	191	2264	896	1586	3847	4477
2957	2271	201	924	1609	3859	4484
190	2263	188	895	1585	3846	4476
196	3853	2266	4479	919	1604	3854
2284	215	3874	2973	4498	937	3873
2275	207	929	1613	2965	3865	4489
2276	208	930	1614	2966	3866	4490
2280	211	933	1617	2969	3869	4493
2281	212	934	1618	2970	3870	4494
2293	3881	226	950	1627	2985	4505
2294	3882	227	2986	951	1628	4506
2296	3884	229	2988	953	1630	4508
2299	3887	235	956	1633	2993	4511
2305	3893	239	960	1637	2997	4516
2306	3894	240	961	1638	2998	4517
219	1621	2285	3875	4499	2976	938
2309	3895	243	964	1641	3001	4520
2310	3897	244	965	1642	3003	4521
2312	4523	246	967	1644	3005	3900
2313	4524	247	968	1645	3006	3901
2319	4526	249	970	1647	3008	3903
2320	4527	250	971	1648	3009	3904
2321	4528	251	972	1649	3010	3905
2322	4529	252	973	1650	3011	3906
2323	4530	253	974	1651	3012	3907
2324	4531	254	975	1652	3013	3908
2336	3920	269	986	1663	3034	4542
2339	274	989	1667	3923	4545	3037
2341	3925	1669	276	991	4547	3039
2342	3926	277	992	1670	4548	3040
3928	3043	2346	279	994	1672	4550
3930	3045	281	996	1674	2348	4552
3936	2353	3067	287	1004	1681	4558
3940	3070	2357	3939	1007	1684	3944
292	1011	1688	2362	3074	3948	4563
293	1012	1689	2363	3075	3949	4564
294	1013	1690	2364	3076	3950	4565
295	1014	1691	2365	3077	3951	4566
296	1015	1692	2366	3078	3952	4567
297	1016	1693	2367	3079	3953	4568
298	1017	1694	2368	3080	3954	4569
299	1018	1695	2369	3081	3955	4570
300	1019	1696	2370	3082	3956	4571
301	1020	1697	2371	3083	3957	4572
302	1021	1698	2372	3084	3958	4573
303	1022	1699	2373	3085	3959	4574
304	1023	1700	2374	3086	3960	4575
305	1024	1701	2375	3087	3961	4576
306	1025	1702	2376	3089	3962	4577
307	1026	1703	2377	3090	3963	4578
308	1027	1704	2378	3091	3964	4579
309	1028	1705	2379	3092	3965	4580
310	1029	1706	2380	3093	3966	4581
311	1030	1707	2381	3094	3967	4582
312	1031	1708	2382	3095	3968	4583
313	1032	1709	2383	3096	3969	4584
314	1033	1710	2384	3097	3970	4585
315	1034	1711	2385	3098	3971	4586
316	1035	1712	2386	3099	3972	4587
317	1036	1713	2387	3100	3973	4588
318	1037	1714	2388	3101	3974	4589
319	1039	1715	2389	3102	3975	4590
320	1040	1716	2390	3103	3976	4591
321	1041	1717	2391	3104	3977	4592
322	1042	1718	2392	3105	3978	4593
323	1043	1719	2393	3106	3979	4594
324	1044	1720	2394	3107	3980	4595
325	1045	1721	2395	3108	3981	4596
326	1046	1722	2396	3109	3982	4597
327	1047	1723	2397	3110	3983	4598
328	1048	1724	2398	3111	3984	4599
329	1049	1725	2399	3112	3985	4600
330	1050	1726	2400	3113	3986	4601
331	1051	1727	2401	3114	3987	4602
332	1052	1728	2402	3115	3988	4603
333	1053	1729	2403	3116	3989	4604
334	1054	1730	2404	3117	3990	4605
335	1055	1731	2405	3118	3991	4606
336	1056	1732	2406	3119	3992	4607
337	1057	1733	2407	3120	3993	4608
338	1058	1734	2408	3121	3994	4609
339	1059	1735	2409	3122	3995	4610
340	1060	1736	2410	3123	3996	4611
341	1061	1737	2411	3124	3997	4612
342	1062	1738	2412	3125	3998	4613
343	1063	1739	2413	3126	3999	4614
344	1064	1740	2414	3127	4000	4615
345	1065	1741	2415	3128	4001	4616
346	1066	1742	2416	3129	4002	4617
347	1067	1743	2417	3130	4003	4618
348	1068	1744	2418	3131	4004	4619
349	1069	1745	2419	3132	4005	4620
350	1070	1746	2420	3133	4006	4621
351	1071	1747	2421	3134	4007	4622
352	1072	1748	2422	3135	4008	4623
353	1073	1749	2423	3136	4009	4624
354	1074	1750	2424	3137	4010	4625
355	1075	1751	2425	3138	4011	4626
356	1076	1752	2426	3139	4012	4627
357	1077	1753	2427	3140	4013	4628
358	1078	1754	2428	3141	4014	4629
359	1079	1755	2429	3142	4015	4630
360	1080	1756	2430	3143	4016	4631
361	1081	1757	2431	3144	4017	4632
362	1082	1758	2432	3145	4018	4633
363	1083	1759	2433	3146	4019	4634
364	1084	1760	2434	3147	4020	4635
365	1085	1761	2435	3148	4021	4636
366	1086	1762	2436	3149	4022	4637
367	1087	1763	2437	3150	4023	4638
368	1088	1764	2438	3151	4024	4639
369	1089	1765	2439	3152	4025	4640
370	1090	1766	2440	3153	4026	4641
371	1091	1767	2441	3154	4027	4642
372	1092	1768	2442	3155	4028	4643
373	1093	1769	2443	3156	4029	4644
374	1094	1770	2444	3157	4030	4645
375	1095	1771	2445	3158	4031	4646
376	1096	1772	2446	3159	4032	4647
377	1097	1773	2447	3160	4033	4648
378	1098	1774	2448	3161	4034	4649
379	1099	1775	2449	3162	4035	4650
380	1100	1776	2450	3163	4036	4651
381	1101	1777	2451	3164	4037	4652
382	1102	1778	2452	3165	4038	4653
383	1103	1779	2453	3166	4039	4654
384	1104	1780	2454	3167	4040	4655
385	1105	1781	2455	3168	4041	4656
386	1106	1782	2456	3169	4042	4657
387	1107	1783	2457	3170	4043	4658
388	1108	1784	2458	3171	4044	4659
389	1109	1785	2459	3172	4045	4660
390	1110	1786	2460	3173	4046	4661
391	1111	1787	2461	3174	4047	4662
392	1112	1788	2462	3175	4048	4663
393	1113	1789	2463	3176	4049	4664
394	1114	1790	2464	3177	4050	4665
395	1115	1791	2465	3178	4051	4666
396	1116	1792	2466	3179	4052	4667
397	1117	1793	2467	3180	4053	4668
398	1118	1794	2468	3181	4054	4669
399	1119	1795	2469	3182	4055	4670
400	1120	1796	2470	3183	4056	4671
401	1121	1797	2471	3184	4057	4672
402	1122	1798	2472	3185	4058	4673
403	1123	1799	2473	3186	4059	4674
404	1124	1800	2474	3187	4060	4675
405	1125	1801	2475	3188	4061	4676
406	1126	1802	2476	3189	4062	4677
407	1127	1803	2477	3190	4063	4678
408	1128	1804	2478	3191	4064	4679
409	1129	1805	2479	3194	4065	4680
410	1130	1806	2480	3195	4066	4681
411	1131	1807	2481	3196	4067	4682
412	1132	1808	2482	3197	4068	4683
413	1133	1809	2483	3198	4069	4684
414	1134	1810	2484	3199	4070	4685
415	1135	1811	2485	3200	4071	4686
416	1136	1812	2486	3201	4072	4687
417	1137	1813	2487	3202	4073	4688
419	1138	1814	2488	3204	4074	4689
420	1139	1815	2489	3205	4075	4690
421	1140	1816	2490	3206	4076	4691
422	1141	1817	2491	3207	4077	4692
423	1142	1818	2492	3208	4078	4693
424	1143	1819	2493	3209	4079	4694
425	1144	1820	2494	3210	4080	4695
426	1145	1821	2495	3211	4081	4696
427	1146	1822	2496	3212	4082	4697
428	1147	1823	2497	3213	4083	4698
429	1148	1824	2498	3214	4084	4699
430	1149	1825	2499	3215	4085	4700
431	1150	1826	2500	3217	4086	4701
432	1151	1827	2501	3218	4087	4702
433	1152	1828	2502	3219	4088	4703
434	1153	1829	2503	3220	4089	4704
435	1154	1830	2504	3221	4090	4705
436	1155	1831	2505	3222	4091	4706
437	1156	1832	2506	3224	4092	4707
438	1157	1833	2507	3225	4093	4708
439	1158	1834	2508	3226	4094	4709
440	1159	1835	2509	3227	4095	4710
441	1160	1836	2510	3228	4096	4711
442	1161	1837	2511	3229	4097	4712
443	1162	1838	2512	3230	4098	4713
444	1163	1839	2513	3231	4099	4714
445	1164	1840	2514	3232	4100	4715
446	1165	1841	2515	3233	4101	4716
447	1166	1842	2516	3234	4102	4717
448	1167	1843	2517	3236	4103	4718
449	1168	1844	2518	3237	4104	4719
450	1169	1845	2519	3238	4105	4720
451	1170	1846	2520	3239	4106	4721
452	1171	1847	2521	3240	4107	4722
453	1172	1848	2522	3241	4108	4723
454	1173	1849	2523	3242	4109	4724
455	1174	1850	2524	3243	4110	4725
456	1175	1851	2525	3244	4111	4726
461	1178	1854	2530	3249	4115	4729
462	1179	1855	2531	3250	4116	4730
463	1180	1856	2532	3251	4117	4731
464	1181	1857	2533	3252	4118	4732
465	1182	1858	2534	3253	4119	4733
466	1183	1859	2535	3254	4120	4734
4123	470	1186	1862	2539	3257	4737
471	1187	1863	2540	3258	4124	4738
4125	472	1188	1864	2541	3259	4739
4138	486	1209	1877	2554	3285	4757
4139	487	1210	1878	2555	3286	4758
1192	1868	3274	4129	476	2545	4744
3291	2560	4144	492	1215	1883	4763
3292	4145	493	1216	1884	2561	4764
3293	4146	494	1217	1885	2562	4765
3294	4147	495	1218	1886	2563	4766
4148	496	1219	1887	2564	3295	4767
2566	498	1221	1889	3297	4151	4769
2567	499	1222	1890	3298	4152	4770
2568	500	1223	1891	3299	4153	4771
2569	501	1224	1892	3300	4154	4772
2573	4158	4777	506	1230	1897	3304
2574	4159	4778	507	1231	1898	3305
2575	4160	4779	508	1232	1899	3306
2585	512	4783	1236	3313	4169	4173
513	1237	1902	2586	3314	4174	4784
516	1240	1905	2591	3317	4177	4787
521	1243	1908	2594	3320	4180	4790
522	1244	1909	2595	3321	4181	4791
2606	3340	547	1281	1925	4202	4808
1278	545	1923	2604	3338	4200	4806
548	1282	1926	2607	3341	4203	4809
549	1283	1927	2608	3342	4204	4810
550	1284	1928	2609	3343	4205	4811
551	1285	1929	2610	3344	4206	4812
552	1286	1930	2611	3345	4207	4813
553	1287	1931	2612	3346	4208	4814
554	1288	1932	2613	3347	4209	4815
555	1289	1933	2614	3348	4210	4816
556	1290	1934	2615	3349	4211	4817
557	1291	1935	2616	3350	4212	4818
558	1292	1936	2617	3351	4213	4819
559	1293	1937	2618	3352	4214	4820
560	1294	1938	2619	3353	4215	4821
561	1295	1939	2620	3354	4216	4822
562	1296	1940	2621	3355	4217	4823
563	1297	1941	2622	3356	4218	4824
564	1298	1942	2623	3357	4219	4825
565	1299	1943	2624	3358	4220	4826
566	1300	1944	2625	3359	4221	4827
567	1301	1945	2626	3360	4222	4828
568	1302	1946	2627	3361	4223	4829
569	1303	1947	2628	3362	4224	4830
570	1304	1948	2629	3363	4225	4831
571	1305	1949	2630	3364	4226	4832
572	1306	1950	2631	3365	4227	4833
573	1307	1951	2632	3366	4228	4834
574	1308	1952	2633	3367	4229	4835
2635	3369	576	1310	1954	4232	4837
2636	3370	4233	577	1311	1955	4838
2637	3371	578	4234	1312	1956	4839
3395	595	1325	1969	2664	4249	4855
3398	598	1328	1972	2668	4254	4858
3397	597	1327	1971	2667	4253	4857
3399	599	1329	1973	2669	4255	4859
3400	600	1330	1974	2670	4256	4860
3402	602	1332	1976	2672	4258	4862
3403	603	1333	1977	2673	4259	4863
3404	604	1334	1978	2674	4260	4864
3405	605	1335	1979	2675	4261	4865
3406	606	1336	1980	2676	4262	4866
3513	3431	4289	1363	2006	631	4892
3521	3515	3433	4291	1365	2008	633
652	1381	2024	2727	3540	4310	4900
653	1382	2025	2728	3541	4311	4901
654	1383	2026	2729	3542	4312	4902
655	1384	2027	2730	3543	4313	4903
656	1385	2028	2731	3544	4314	4904
657	1386	2029	2732	3545	4315	4905
658	1387	2030	2733	3546	4316	4906
659	1388	2031	2734	3547	4317	4907
3555	4332	2039	1396	667	2748	3574
3557	4334	2041	1398	669	2750	3576
3556	4333	1397	2040	668	2749	3575
3567	3561	672	1401	3560	2753	3579
3562	673	1402	2754	3580	3603	694
3592	683	2050	3590	4343	2051	3591
2119	49	2836	747	1441	3693
2099	3673	33	733	1428	2816
12	2793	715	1411	2082	3655
2100	3674	34	734	1429	2817
2	706	2787	3644	2780	2069
13	2794	716	1412	2083	3656
2101	3675	35	735	1430	2818
3	707	2788	3645	2781	2070
14	2795	717	1413	2084	3657
2102	3676	36	736	1431	2819
16	2802	719	1415	2086	3659
2104	3677	37	737	1432	2820
2153	70	3716	766	2865	4371
2105	3678	38	2821	738	1433
40	41	740	1435	2830	3685
2204	810	1503	118	3760	4413
2206	812	1505	120	3762	4415
2207	3763	813	1506	121	4416
2208	3764	814	1507	124	4417
129	845	1535	2220	3780	4428
128	844	1534	2219	3779	4427
130	846	1536	2221	3781	4429
131	847	1537	2222	3782	4430
133	849	1539	2224	3784	4432
134	850	1540	2225	3785	4433
2214	3771	3775	4423	820	1513
135	851	1541	2226	3786	4434
2215	3772	821	1514	4424	3776
136	852	1542	2227	3787	4435
154	2244	3810	3815	4450	3820
172	874	1563	3829	4458	162
171	873	1562	3828	4457	161
2307	241	962	1639	2999	4518
4130	3275	477	2546	3265	4745
4135	2549	480	3278	3268	4748
4134	2548	479	3277	3267	4747
4140	3287	1211	1879	2556	4759
2572	4776	505	1229	1896	3303
2648	2650	4242	587	4847	4848
3514	3432	4290	1364	2007	632
2736	1409	3589	682	2049	4342
4348	1405	688	2056	3597	3637
4352	3588	681	1408	2048	4341
4350	679	1406	2046	3586	4339
4351	3587	680	1407	2047	4340
0	704	2785	3642	2067
1	705	2786	3643	2068
4	708	2789	3646	2071
2076	8	711	2797	3651
2077	9	712	2798	3652
2078	10	713	2799	3653
2832	43	742	1437	3687
2209	125	815	1508	4418
2211	3767	4420	817	1510
2212	3768	4421	818	1511
2246	3812	3817	156	4452
905	1591	189	897	3850
165	175	877	1566	4461
870	1559	3823	166	3825
3935	3062	1003	1680	4557
3069	2356	1006	1683	3943
3279	2550	481	3269	4749
2647	2649	586	585	4846
4349	3598	689	2057	3638
2045	677	3585	4338	678
4347	1404	687	2055	3596
1403	3595	686	2054	4346
2066	2065	2784	703
2064	2783	2062	702
2075	7	710	3650
2828	3683	2826	3681
2237	147	1551	3808
824	825	1517	3774
869	1558	3824	168
192	2265	3848	4478
193	903	1590	3849
194	3852	918	1603
195	2952	912	1597
4136	1199	1873	4133
2552	484	3283	4755
3331	539	1272	4194
2678	1337	1981	4263
641	4297	2712	3466
3563	674	2755	3581
3641	2060	3601	692
676	2044	3584	4337
3593	684	2052	4344
3594	685	2053	4345
3599	690	2058	3639
3600	691	2059	3640
69	765	4370
822	3773	1515
2216	838	1531
833	1526	122
3851	909	1595
2328	258	3017
460	2529	4114
1193	1869	3264
1198	1872	4132
502	1893	4773
2582	3310	4166
2583	3311	4171
700	2760	3609
3564	675	3582
696	2756	3605
697	2757	3606
698	2758	3607
699	2759	3608
767	4372
826	1518
827	1519
828	1520
829	1521
830	1522
831	1523
832	1525
834	1527
836	1529
835	1528
837	1530
819	1512
902	1589
913	1598
878	1567
906	1592
914	1599
900	1587
907	1593
915	1600
901	1588
908	1594
916	1601
917	1602
911	1596
3026	3023
418	3203
459	2528
1196	1870
1197	1871
1200	1874
1914	4796
1271	4193
3602	693
695	3604
823	1516
3481	3484
2761	3610
2762	3611
2763	3612
2764	3613
2765	3614
2766	3615
2767	3616
2768	3617
2769	3618
2770	3619
2771	3620
2772	3621
2773	3622
2774	3623
2775	3624
2776	3627
2777	3628
2778	3629
2779	3630
904
1038
1248
1249
1250
1251
1252
1253
1254
1255
1256
1257
1258
1259
1260
3024
3053
3054
3055
3056
3057
3058
3088
3192
3193
3216
3223
3235
3483
3625
3626
3631
3632
3633
3634
3635
3636
