701 2782
2061
702 2064 2783
703 2066 2784
0 704 2067 2785 3642
1 705 2068 2786 3643
2 706 2069 2787 3644
3 707 2070 2788 3645
4 708 2071 2789 3646
3648
5 709 2072 2792 3649
7 710 2075 3650
8 711 2076 3651
9 712 2077 3652
10 713 2078 3653
11 714 1410 2079 3654
12 715 1411 2082 2793 3655
13 716 1412 2083 2794 3656
14 717 1413 2084 2795 3657
15 718 1414 2085 2796 3658
2797
2798
2799
2800
16 719 1415 2086 2802 3659
17 720 1416 2803 3660
18 721 1417 2804 3661
19 722 1418 2805 3662
24 723 1419 2806 3663
25 724 1420 2807 3664
2099
2100
2101
2102
2104
2105
26 725 1421 2107 2808 3665
27 726 1422 2108 2809 3666
28 727 1423 2810 3667
29 728 1424 2110 2811 3668
30 729 1425 2111 2813 3669
31 730 1426 2112 2814 3670
32 732 1427 2815 3672
33 733 1428 2816 3673
34 734 1429 2817 3674
35 735 1430 2818 3675
36 736 1431 2819 3676
37 737 1432 2820 3677
38 738 1433 2821 3678
2828
39 739 1434 2829 3679
3683
40 740 1435 2830 3685
42 741 1436 2113 2831 3686
43 742 1437 2832 3687
44 743 1438 2833 3688
2116
45 744 1439 2117 2834 3690
46 745 1440 2118 2835 3691
49 747 1441 2119 2836 3693
50 748 1442 2120 2837 3694
51 749 1443 2121 2838 3695
52 750 1444 2122 2839 3696
4353
4354
4355
53 751 1445 2123 2841 3697 4356
54 752 1446 2124 2842 3698 4357
55 753 1447 2125 2843 3699 4358
58 754 1448 2126 2844 3700 4359
59 755 1449 2127 2845 3701 4360
60 756 1450 2128 2846 3702 4361
61 757 1451 2129 2847 3703 4362
62 758 1452 2130 2848 3704 4363
63 759 1453 2131 2849 3705 4364
64 760 1454 2132 2850 3710 4365
65 761 1456 2133 2860 3711 4366
66 762 1457 2134 2861 3712 4367
67 763 1458 2135 2862 3713 4368
2136
2137
2138
2139
2140
2143
2149
68 764 1459 2151 2863 3714 4369
69 765 4370
70 766 3716 4371
767 4372
72 768 1463 2152 2864 4373
2153 2865
74 769 1464 2155 2868 3717 4374
75 770 1465 2156 2869 3720 4375
76 771 1466 2157 2870 3721 4376
77 772 1467 2158 2871 3722 4377
78 773 1468 2159 2872 3723 4378
79 774 1469 2160 2873 3724 4379
80 775 1470 2161 2874 3725 4380
81 776 1471 2162 2875 3726 4381
82 777 1472 2163 2876 3727 4382
83 778 1473 2164 2877 3728 4383
84 779 1474 2165 2878 3729 4384
85 780 1475 2166 2879 3730 4385
86 781 1476 2167 2880 3731 4386
87 782 1477 2168 2881 3732 4387
88 783 1478 2169 2882 3733 4388
89 784 1479 2170 2883 3734 4389
90 785 1480 2171 2884 3735 4390
91 786 1481 2172 2885 3736 4391
92 787 1482 2173 2886 3737 4392
93 788 1483 2174 2888 3738 4393
94 789 1484 2175 2889 3739 4394
95 790 1485 2176 2890 3740 4395
96 791 1486 2177 2891 3741 4396
97 792 1487 2178 2892 3742 4397
98 793 1488 2179 2893 3743 4398
99 794 1489 2180 2894 3744 4399
100 795 1490 2181 2895 3745 4400
101 797 1491 2182 2896 3746 4401
102 798 1492 2183 2897 3747 4402
103 799 1493 2184 2898 3748 4403
104 800 1494 2185 2899 3750 4404
105 801 1495 2186 2900 3751 4405
106 802 1496 2187 2905 3752 4406
107 803 1497 2188 2906 3753 4407
108 804 1498 2189 2907 3754 4408
114 806 1499 2190 3755 4409
115 807 1500 2191 3756 4410
116 808 1501 2192 3757 4411
117 809 1502 2203 3758 4412
118 810 1503 2204 3760 4413
119 811 1504 2205 3761 4414
120 812 1505 2206 3762 4415
121 813 1506 2207 3763 4416
122
123
124 814 1507 2208 3764 4417
125 815 1508 2209 4418
126 816 1509 2210 3766 4419
817 1510 2211 3767 4420
818 1511 2212 3768 4421
819 1512
2213 3769 4422
820 1513 2214 3771 4423
821 1514 2215 3772 4424
822 1515 3773
823 1516
824 1517 3774
826 1518
827 1519
828 1520
829 1521
830 1522
831 1523
832 1525
833 1526
834 1527
835 1528
836 1529
837 1530
838 1531 2216
839 1532
127 843 1533 2218 3778 4426
128 844 1534 2219 3779 4427
129 845 1535 2220 3780 4428
130 846 1536 2221 3781 4429
131 847 1537 2222 3782 4430
132 848 1538 2223 3783 4431
133 849 1539 2224 3784 4432
134 850 1540 2225 3785 4433
135 851 1541 2226 3786 4434
136 852 1542 2227 3787 4435
139 853 1543 2228 3788 4436
140 854 1544 2229 3789 4437
141 855 1545 2230 2908 3790 4438
142 856 1546 2231 2909 3791 4439
143 857 1547 2232 2910 3792 4440
144 858 1548 2233 2911 3793 4441
145 859 1549 2234 2912 3794 4442
146 860 1550 2235 2913 3795 4443
147 1551 2237
148 861 1552 2238 2916 3796 4444
149 862 1553 2239 2925 3797 4445
150 863 1554 2240 2926 3798 4446
151 864 1555 2241 2927 3799 4447
152 865 1556 2242 2928 3800 4448
153 866 1557 2243 2929 3801 4449
3808
154 2244 3810 4450
155 868 2245 3811 4451
156 2246 3812 4452
166
168 869 1558 3824
870 1559 3825
169 871 1560 3826 4455
170 872 1561 3827 4456
171 873 1562 3828 4457
172 874 1563 3829 4458
173 875 1564 2249 3830 4459
174 876 1565 2250 3831 4460
175 877 1566 4461
878 1567
176 1571 2251 2931 3832 4464
177 880 1572 2252 2932 3833 4465
178 881 1573 2253 2935 3834 4466
882
179 886 1574 2254 2936 3835 4467
180 887 1575 2255 2938 3836 4468
181 888 1576 2256 2939 3837 4469
182 889 1577 2257 2940 3838 4470
183 890 1578 2258 2941 3839 4471
184 891 1579 2259 3840 4472
185 892 1582 2260 2942 3843 4473
186 893 1583 2261 2943 3844 4474
187 894 1584 2262 2944 3845 4475
188 895 1585 2263 3846 4476
189
191 896 1586 2264 2947 3847 4477
192 2265 3848 4478
900 1587
901 1588
902 1589
193 903 1590 3849
905 1591 3850
906 1592
907 1593
908 1594
909 1595 3851
911 1596
912 1597
913 1598
914 1599
915 1600
916 1601
917 1602
194 918 1603 3852
195
196 919 1604 2266 3853 4479
197 920 1605 2267 2948 3855 4480
198 921 1606 2268 3856 4481
199 922 1607 2269 2949 3857 4482
200 923 1608 2270 2950 3858 4483
2952
201 924 1609 2271 2957 3859 4484
202 925 1610 2272 2958 3860 4485
205 926 1611 2273 2959 3861 4486
2961
206 927 1612 2274 2964 3864 4487
207 929 1613 2275 2965 3865 4489
208 930 1614 2276 2966 3866 4490
209 931 1615 2277 2967 3867 4491
210 932 1616 2278 2968 3868 4492
211 933 1617 2280 2969 3869 4493
212 934 1618 2281 2970 3870 4494
213 1619 2282 2971 3871 4495
214 1620 2283 2972 3872 4497
215 937 2284 2973 3874 4498
216 2974
217
219 938 1621 2285 2976 3875 4499
942
943
220 944 1622 2286 2977 3876 4500
945 1623 2287 3877 4501
946 1624 2288 2982 3878 4502
224 949 1625 2289 2983 3879 4503
225 1626 2290 2984 3880 4504
226 950 1627 2293 2985 3881 4505
227 951 1628 2294 2986 3882 4506
228 952 1629 2295 2987 3883 4507
229 953 1630 2296 2988 3884 4508
230 954 1631 2297 2989 3885 4509
231 955 1632 2298 2992 3886 4510
235 956 1633 2299 2993 3887 4511
236 957 1634 2302 2994 3888 4512
237 958 1635 2303 2995 3891 4513
238 959 1636 2304 2996 3892 4515
239 960 1637 2305 2997 3893 4516
240 961 1638 2306 2998 3894 4517
241 962 1639 2307 2999 4518
242 963 1640 2308 3000 4519
243 964 1641 2309 3001 3895 4520
3896
244 965 1642 2310 3003 3897 4521
245 966 1643 2311 3004 3898 4522
246 967 1644 2312 3005 3900 4523
247 968 1645 2313 3006 3901 4524
248 969 1646 2318 3007 3902 4525
249 970 1647 2319 3008 3903 4526
250 971 1648 2320 3009 3904 4527
251 972 1649 2321 3010 3905 4528
252 973 1650 2322 3011 3906 4529
253 974 1651 2323 3012 3907 4530
254 975 1652 2324 3013 3908 4531
258
260 977 1653 2325 3014 3909 4532
261 978 1654 2326 3015 3910 4533
262 979 1655 2327 3016 3911 4534
2328 3017
263 980 1656 2330 3028 3912 4535
264 981 1657 2331 3029 3915 4536
265 982 1659 2332 3030 3916 4537
266 983 1660 2333 3031 3917 4538
267 984 1661 2334 3032 3918 4539
268 985 1662 2335 3033 3919 4541
269 986 1663 2336 3034 3920 4542
270 987 1665 2337 3035 3921 4543
273 988 1666 2338 3036 3922 4544
274 989 1667 2339 3037 3923 4545
275 990 1668 2340 3038 3924 4546
276 991 1669 2341 3039 3925 4547
277 992 1670 2342 3040 3926 4548
278 993 1671 2343 3041 3927 4549
279 994 1672 2346 3043 3928 4550
280 995 1673 2347 3044 3929 4551
281 996 1674 2348 3045 3930 4552
282 999 1675 2349 3047 3931 4553
283 1000 1676 2350 3048 3932 4554
284 1001 1677 2351 3049 3933 4555
286 1002 1678 2352 3050 3934 4556
1003 1680 3062 3935 4557
287 1004 1681 2353 3067 3936 4558
288 1005 1682 2354 3068 3937 4559
1006 1683 2356 3069
1007 1684 2357 3070 3940
289 1008 1685 2358 3071 3941 4560
290 1009 1686 2359 3072 3942 4561
3943
291 1010 1687 2360 3073 3947 4562
292 1011 1688 2362 3074 3948 4563
293 1012 1689 2363 3075 3949 4564
294 1013 1690 2364 3076 3950 4565
295 1014 1691 2365 3077 3951 4566
296 1015 1692 2366 3078 3952 4567
297 1016 1693 2367 3079 3953 4568
298 1017 1694 2368 3080 3954 4569
299 1018 1695 2369 3081 3955 4570
300 1019 1696 2370 3082 3956 4571
301 1020 1697 2371 3083 3957 4572
302 1021 1698 2372 3084 3958 4573
303 1022 1699 2373 3085 3959 4574
304 1023 1700 2374 3086 3960 4575
305 1024 1701 2375 3087 3961 4576
306 1025 1702 2376 3089 3962 4577
307 1026 1703 2377 3090 3963 4578
308 1027 1704 2378 3091 3964 4579
309 1028 1705 2379 3092 3965 4580
310 1029 1706 2380 3093 3966 4581
311 1030 1707 2381 3094 3967 4582
312 1031 1708 2382 3095 3968 4583
313 1032 1709 2383 3096 3969 4584
314 1033 1710 2384 3097 3970 4585
315 1034 1711 2385 3098 3971 4586
316 1035 1712 2386 3099 3972 4587
317 1036 1713 2387 3100 3973 4588
318 1037 1714 2388 3101 3974 4589
319 1039 1715 2389 3102 3975 4590
320 1040 1716 2390 3103 3976 4591
321 1041 1717 2391 3104 3977 4592
322 1042 1718 2392 3105 3978 4593
323 1043 1719 2393 3106 3979 4594
324 1044 1720 2394 3107 3980 4595
325 1045 1721 2395 3108 3981 4596
326 1046 1722 2396 3109 3982 4597
327 1047 1723 2397 3110 3983 4598
328 1048 1724 2398 3111 3984 4599
329 1049 1725 2399 3112 3985 4600
330 1050 1726 2400 3113 3986 4601
331 1051 1727 2401 3114 3987 4602
332 1052 1728 2402 3115 3988 4603
333 1053 1729 2403 3116 3989 4604
334 1054 1730 2404 3117 3990 4605
335 1055 1731 2405 3118 3991 4606
336 1056 1732 2406 3119 3992 4607
337 1057 1733 2407 3120 3993 4608
338 1058 1734 2408 3121 3994 4609
339 1059 1735 2409 3122 3995 4610
340 1060 1736 2410 3123 3996 4611
341 1061 1737 2411 3124 3997 4612
342 1062 1738 2412 3125 3998 4613
343 1063 1739 2413 3126 3999 4614
344 1064 1740 2414 3127 4000 4615
345 1065 1741 2415 3128 4001 4616
346 1066 1742 2416 3129 4002 4617
347 1067 1743 2417 3130 4003 4618
348 1068 1744 2418 3131 4004 4619
349 1069 1745 2419 3132 4005 4620
350 1070 1746 2420 3133 4006 4621
351 1071 1747 2421 3134 4007 4622
352 1072 1748 2422 3135 4008 4623
353 1073 1749 2423 3136 4009 4624
354 1074 1750 2424 3137 4010 4625
355 1075 1751 2425 3138 4011 4626
356 1076 1752 2426 3139 4012 4627
357 1077 1753 2427 3140 4013 4628
358 1078 1754 2428 3141 4014 4629
359 1079 1755 2429 3142 4015 4630
360 1080 1756 2430 3143 4016 4631
361 1081 1757 2431 3144 4017 4632
362 1082 1758 2432 3145 4018 4633
363 1083 1759 2433 3146 4019 4634
364 1084 1760 2434 3147 4020 4635
365 1085 1761 2435 3148 4021 4636
366 1086 1762 2436 3149 4022 4637
367 1087 1763 2437 3150 4023 4638
368 1088 1764 2438 3151 4024 4639
369 1089 1765 2439 3152 4025 4640
370 1090 1766 2440 3153 4026 4641
371 1091 1767 2441 3154 4027 4642
372 1092 1768 2442 3155 4028 4643
373 1093 1769 2443 3156 4029 4644
374 1094 1770 2444 3157 4030 4645
375 1095 1771 2445 3158 4031 4646
376 1096 1772 2446 3159 4032 4647
377 1097 1773 2447 3160 4033 4648
378 1098 1774 2448 3161 4034 4649
379 1099 1775 2449 3162 4035 4650
380 1100 1776 2450 3163 4036 4651
381 1101 1777 2451 3164 4037 4652
382 1102 1778 2452 3165 4038 4653
383 1103 1779 2453 3166 4039 4654
384 1104 1780 2454 3167 4040 4655
385 1105 1781 2455 3168 4041 4656
386 1106 1782 2456 3169 4042 4657
387 1107 1783 2457 3170 4043 4658
388 1108 1784 2458 3171 4044 4659
389 1109 1785 2459 3172 4045 4660
390 1110 1786 2460 3173 4046 4661
391 1111 1787 2461 3174 4047 4662
392 1112 1788 2462 3175 4048 4663
393 1113 1789 2463 3176 4049 4664
394 1114 1790 2464 3177 4050 4665
395 1115 1791 2465 3178 4051 4666
396 1116 1792 2466 3179 4052 4667
397 1117 1793 2467 3180 4053 4668
398 1118 1794 2468 3181 4054 4669
399 1119 1795 2469 3182 4055 4670
400 1120 1796 2470 3183 4056 4671
401 1121 1797 2471 3184 4057 4672
402 1122 1798 2472 3185 4058 4673
403 1123 1799 2473 3186 4059 4674
404 1124 1800 2474 3187 4060 4675
405 1125 1801 2475 3188 4061 4676
406 1126 1802 2476 3189 4062 4677
407 1127 1803 2477 3190 4063 4678
408 1128 1804 2478 3191 4064 4679
409 1129 1805 2479 3194 4065 4680
410 1130 1806 2480 3195 4066 4681
411 1131 1807 2481 3196 4067 4682
412 1132 1808 2482 3197 4068 4683
413 1133 1809 2483 3198 4069 4684
414 1134 1810 2484 3199 4070 4685
415 1135 1811 2485 3200 4071 4686
416 1136 1812 2486 3201 4072 4687
417 1137 1813 2487 3202 4073 4688
418 3203
419 1138 1814 2488 3204 4074 4689
420 1139 1815 2489 3205 4075 4690
421 1140 1816 2490 3206 4076 4691
422 1141 1817 2491 3207 4077 4692
423 1142 1818 2492 3208 4078 4693
424 1143 1819 2493 3209 4079 4694
425 1144 1820 2494 3210 4080 4695
426 1145 1821 2495 3211 4081 4696
427 1146 1822 2496 3212 4082 4697
428 1147 1823 2497 3213 4083 4698
429 1148 1824 2498 3214 4084 4699
430 1149 1825 2499 3215 4085 4700
431 1150 1826 2500 3217 4086 4701
432 1151 1827 2501 3218 4087 4702
433 1152 1828 2502 3219 4088 4703
434 1153 1829 2503 3220 4089 4704
435 1154 1830 2504 3221 4090 4705
436 1155 1831 2505 3222 4091 4706
437 1156 1832 2506 3224 4092 4707
438 1157 1833 2507 3225 4093 4708
439 1158 1834 2508 3226 4094 4709
440 1159 1835 2509 3227 4095 4710
441 1160 1836 2510 3228 4096 4711
442 1161 1837 2511 3229 4097 4712
443 1162 1838 2512 3230 4098 4713
444 1163 1839 2513 3231 4099 4714
445 1164 1840 2514 3232 4100 4715
446 1165 1841 2515 3233 4101 4716
447 1166 1842 2516 3234 4102 4717
448 1167 1843 2517 3236 4103 4718
449 1168 1844 2518 3237 4104 4719
450 1169 1845 2519 3238 4105 4720
451 1170 1846 2520 3239 4106 4721
452 1171 1847 2521 3240 4107 4722
453 1172 1848 2522 3241 4108 4723
454 1173 1849 2523 3242 4109 4724
455 1174 1850 2524 3243 4110 4725
456 1175 1851 2525 3244 4111 4726
457 1176 1852 2526 3247 4112 4727
458 1177 1853 2527 3248 4113 4728
459 2528
460 2529 4114
461 1178 1854 2530 3249 4115 4729
462 1179 1855 2531 3250 4116 4730
463 1180 1856 2532 3251 4117 4731
464 1181 1857 2533 3252 4118 4732
465 1182 1858 2534 3253 4119 4733
466 1183 1859 2535 3254 4120 4734
468 1184 1860 2536 3255 4121 4735
469 1185 1861 2537 3256 4122 4736
470 1186 1862 2539 3257 4123 4737
471 1187 1863 2540 3258 4124 4738
472 1188 1864 2541 3259 4125 4739
3264
473 1189 1865 2542 3271 4126 4740
474 1190 1866 2543 3272 4127 4741
475 1191 1867 2544 3273 4128 4743
476 1192 1868 2545 3274 4129 4744
477 2546 3275 4130 4745
1193 1869
478 1194 2547 3276 4131 4746
1196 1870
1197 1871
1198 1872 4132
479 2548 3277 4134 4747
480 2549 3278 4135 4748
481 2550 3279 4749
1199 1873 4136
1200 1874
482 1201 1875 2551 3280 4750
484 2552 3283 4755
485 1203 1876 2553 3284 4137 4756
1204
1205
1206
486 1209 1877 2554 3285 4138 4757
487 1210 1878 2555 3286 4139 4758
1211 1879 2556 3287 4140 4759
488 1880 2557 3288 4141 4760
489 1881 2558 3289 4142 4761
490 1882 2559 3290 4143 4762
492 1215 1883 2560 3291 4144 4763
493 1216 1884 2561 3292 4145 4764
494 1217 1885 2562 3293 4146 4765
495 1218 1886 2563 3294 4147 4766
496 1219 1887 2564 3295 4148 4767
497 1220 1888 2565 3296 4150 4768
498 1221 1889 2566 3297 4151 4769
499 1222 1890 2567 3298 4152 4770
500 1223 1891 2568 3299 4153 4771
501 1224 1892 2569 3300 4154 4772
502 1893 4773
503 1225 1894 2570 3301 4155 4774
504 1228 1895 2571 3302 4157 4775
505 1229 1896 2572 3303 4776
506 1230 1897 2573 3304 4158 4777
507 1231 1898 2574 3305 4159 4778
508 1232 1899 2575 3306 4160 4779
509 1233 1900 2576 3307 4161 4780
510 1234 1901 2577 3308 4162 4781
2582 3310 4166
2583 3311
511 1235 2584 3312 4168 4782
512 1236 2585 3313 4169 4783
4171
513 1237 1902 2586 3314 4174 4784
514 1238 1903 2587 3315 4175 4785
515 1239 1904 2588 3316 4176 4786
516 1240 1905 2591 3317 4177 4787
517 1241 1906 2592 3318 4178 4788
518 1242 1907 2593 3319 4179 4789
521 1243 1908 2594 3320 4180 4790
522 1244 1909 2595 3321 4181 4791
523 1261 1910 2596 3322 4182 4792
524 1262 1911 2597 3323 4183 4793
525 1263 1912 2598 3324 4184 4794
1914
526 1264 1915 2599 3325 4185 4795
534
4796
535 1265 1916 2600 3326 4186 4798
3330
3331
536 1266 1917 3332 4187 4799
1267 1919 3333 4188 4800
537 1920 2601 3334
538 1268 4189 4801
1271 4193
539 1272 4194
1275 4197 4802
543 1276 1921 2602 3335 4198 4803
544 1277 1922 2603 3337 4199 4804
545 1278 1923 2604 3338 4200 4806
546 1279 1924 2605 3339 4201 4807
547 1281 1925 2606 3340 4202 4808
548 1282 1926 2607 3341 4203 4809
549 1283 1927 2608 3342 4204 4810
550 1284 1928 2609 3343 4205 4811
551 1285 1929 2610 3344 4206 4812
552 1286 1930 2611 3345 4207 4813
553 1287 1931 2612 3346 4208 4814
554 1288 1932 2613 3347 4209 4815
555 1289 1933 2614 3348 4210 4816
556 1290 1934 2615 3349 4211 4817
557 1291 1935 2616 3350 4212 4818
558 1292 1936 2617 3351 4213 4819
559 1293 1937 2618 3352 4214 4820
560 1294 1938 2619 3353 4215 4821
561 1295 1939 2620 3354 4216 4822
562 1296 1940 2621 3355 4217 4823
563 1297 1941 2622 3356 4218 4824
564 1298 1942 2623 3357 4219 4825
565 1299 1943 2624 3358 4220 4826
566 1300 1944 2625 3359 4221 4827
567 1301 1945 2626 3360 4222 4828
568 1302 1946 2627 3361 4223 4829
569 1303 1947 2628 3362 4224 4830
570 1304 1948 2629 3363 4225 4831
571 1305 1949 2630 3364 4226 4832
572 1306 1950 2631 3365 4227 4833
573 1307 1951 2632 3366 4228 4834
574 1308 1952 2633 3367 4229 4835
575 1309 1953 2634 3368 4231 4836
576 1310 1954 2635 3369 4232 4837
577 1311 1955 2636 3370 4233 4838
578 1312 1956 2637 3371 4234 4839
579 1313 1957 2638 3372 4235 4840
580 1314 1958 2642 3373 4236 4841
581 1315 1959 2643 3374 4237 4842
582 1316 1960 2644 3375 4238 4843
583 1317 1961 2645 3376 4239 4844
584 1318 1962 2646 3377 4240 4845
586 2647 4846
4241
587 2648 4242 4847
589 1319 1963 2652 3385 4243 4849
590 1320 1964 2659 3386 4850
591 1321 1965 2660 3387 4245 4851
592 1322 1966 2661 3388 4246 4852
593 1323 1967 2662 3389 4247 4853
594 1324 1968 2663 3390 4248 4854
595 1325 1969 2664 3395 4249 4855
596 1326 1970 2665 3396 4250 4856
597 1327 1971 2667 3397 4253 4857
598 1328 1972 2668 3398 4254 4858
599 1329 1973 2669 3399 4255 4859
600 1330 1974 2670 3400 4256 4860
601 1331 1975 2671 3401 4257 4861
602 1332 1976 2672 3402 4258 4862
603 1333 1977 2673 3403 4259 4863
604 1334 1978 2674 3404 4260 4864
605 1335 1979 2675 3405 4261 4865
606 1336 1980 2676 3406 4262 4866
1337 1981 2678 4263
607 1338 1982 2679 3407 4264 4867
608 1339 1983 2680 3408 4265 4868
609 1340 1984 2681 3409 4266 4869
610 1341 1985 2682 3410 4267 4870
611 1342 1986 2683 3411 4268 4871
612 1343 1987 2684 3412 4269 4872
613 1344 1988 2685 3413 4270 4873
614 1345 1989 2687 3414 4271 4874
615 1346 1990 2688 3415 4272 4875
616 1347 1991 2689 3416 4273 4876
617 1348 1992 2690 3417 4274 4877
618 1349 1993 2691 3418 4275 4878
619 1350 1994 2692 3419 4276 4879
620 1351 1995 2693 3420 4277 4880
621 1354 1996 2694 3421 4278 4881
622 1355 1997 2695 3422 4279 4882
623 1357 1998 2696 3423 4280 4883
624 1358 1999 2704 3424 4281 4884
625 2000 2705 3425 4283 4886
626 2001 2706 3426 4284 4887
627 1359 2002 2707 3427 4285 4888
628 1360 2003 2708 3428 4286 4889
629 1361 2004 2710 3429 4287 4890
630 1362 2005 2711 3430 4288 4891
631 1363 2006 3431 4289 4892
632 1364 2007 3432 4290
633 1365 2008 3433 4291
634 1366 2009 3434 4292
635 1367 2010 3435 4293
636 1368 2011 3436 4294
637 1369 2012 3437 4296
641 2712 3466 4297
3470
642 1370 2717 3526 4298
643 1371 2718 4299
644 1373 2013 2719 3532 4300
645 1374 2014 2720 3533 4301 4893
2015
646 1375 2018 2721 3534 4304 4894
647 1376 2019 2722 3535 4305 4895
648 1377 2020 2723 3536 4306 4896
649 1378 2021 2724 3537 4307 4897
650 1379 2022 2725 3538 4308 4898
651 1380 2023 2726 3539 4309 4899
652 1381 2024 2727 3540 4310 4900
653 1382 2025 2728 3541 4311 4901
654 1383 2026 2729 3542 4312 4902
655 1384 2027 2730 3543 4313 4903
656 1385 2028 2731 3544 4314 4904
657 1386 2029 2732 3545 4315 4905
658 1387 2030 2733 3546 4316 4906
659 1388 2031 2734 3547 4317 4907
660 1389 2032 2735 3548 4318 4909
2736
661 1390 2033 2742 3549 4319 4910
662 1391 2034 2743 3550 4320 4911
663 1392 2035 2744 3551 4321 4912
664 1393 2036 2745 3552 4322 4913
665 1394 2037 2746 3553 4323 4914
666 1395 2038 2747 3554 4331 4915
667 1396 2039 2748 3555 4332
668 1397 2040 2749 3556 4333
669 1398 2041 2750 3557 4334
670 1399 2042 2751 3558 4335
671 1400 2043 2752 3559 4336
672 1401 2753 3561
673 1402 2754 3562
674 2755 3563
675 3564
676 2044 3584 4337
677 2045 3585 4338
679 2046 3586
680 2047 3587
681 2048 3588
682 2049 3589 4342
683 2050 3592 4343
684 2052 3593 4344
685 2053 3594 4345
686 1403 2054 3595 4346
687 1404 2055 3596 4347
688 1405 2056 3597 4348
689 2057 3598 4349
690 2058 3599
691 2059 3600
692 2060 3601
693 3602
695 3604
696 2756 3605
697 2757 3606
698 2758 3607
699 2759 3608
700 2760 3609
1406 4350
1407 4351
1408 4352
1409
2761 3610
2762 3611
2763 3612
2764 3613
2765 3614
2766 3615
2767 3616
2768 3617
2769 3618
2770 3619
2771 3620
2772 3621
2773 3622
2774 3623
2775 3624
2776 3627
2777 3628
2778 3629
2779 3630
